011000001101 111000010110 100001100011 001001101000 010011111010 011100001111 100011100010 111011111011 
000100000111 001010100101 001100100111 001000010011 001101000100 110111001011 000100000100 100111001101 
100011100101 011100110000 110001101010 000100111001 011011101010 101011100001 101011111110 110101001100 
011001110110 111000001110 110000111100 101001011011 111000101000 110111001111 101000001000 111010111110 
100101101011 000110000111 100000101100 000011100011 010000111110 101110100110 111011110010 000011010011 
100011110100 111110110001 000111110101 101101101110 010011111001 011100001101 010100011110 111111011000 
110001010011 001110010011 101110101100 011011010111 000110011101 000101001110 101010101101 100101100110 
101111110101 010101001111 011000011111 001011011000 001100111110 101110010000 000011101110 010010010001 
111001000010 011101010010 100101100101 110011111001 111111101101 100011110000 001101000000 000010100000 
000000110101 010011011101 010101010000 010000111011 110011101101 111100000010 001110101001 100110110100 
100110110011 110000101111 000000100010 011100010011 001100000011 110011010101 110010000101 010100101110 
011000100001 000111101001 101111110101 100101100000 010011111110 000100010000 011010110010 100011110010 
000100010000 110001101011 010011010100 101011110110 111011011100 111000011001 010011010000 001001111110 
101100111000 110011101110 101000010011 001001101000 000011011010 101010100010 101001001010 111101100001 
011000010011 000010001111 100010000011 100011010110 010001111010 111011111111 110111101110 010000111101 
110110100101 000001000000 001100001000 010110000010 110100011000 001000010100 011100011100 100100101101 
000100011001 111001101010 110011001011 110000010111 001111000011 011101101101 101011100100 010000011100 
101100001001 011101100010 010001101111 111010010011 001101001100 111110111001 010010001010 110110000111 
100100100011 000100101001 011000011100 101100000001 111010110100 001110011101 100010011011 011010101011 
001111010110 000010101001 101011011001 111110111000 000000000111 011101101001 010101000000 011011101011 
001010000110 111001000001 011001111110 111101101111 101110011000 111000100100 001011101110 000010101000 
001110111010 011101101110 011011101011 000001001011 011011110001 100111001011 100011001100 110010111000 
000011111110 000000111011 010111111000 000001100001 111010110010 000001101001 001100001011 100001000010 
010001101010 101000110101 111101101011 101111111011 110110111001 001001000010 101010100001 110001010010 
101100010011 101100000110 110100010001 010110100101 111101001101 111001000011 101011000111 011100000101 
111001010001 010100010111 000110001010 110111010110 010110011001 010000101010 111100110101 010010011110 
010111101101 111010100111 110100101111 000100111111 010111111011 001011100010 110111011010 001101100100 
011011001010 000001101010 000001011111 110011010010 100100011011 101011010010 100101110001 111100101111 
100000100101 011000101111 000111110110 100000000110 100001111001 101100111011 111100001101 100111111001 
100000100010 001101000101 110101111101 010000011001 111011000101 111011000100 100011000011 100011000101 
100101101001 000100110101 101110111101 010100001011 010101001001 011011110000 111110010100 101101101010 
101110000010 000001010010 001111010000 110101100011 111100100110 000111101001 011000111000 101010000001 
001100011000 000011110100 111010110111 010110110101 111000011000 101011000110 000111010001 000110101100 
110100010101 010001110010 011101111110 011100110101 100111111000 101110011010 100001011110 000101101010 
100110111000 111001010001 010110110100 000001111111 110110111000 101100111011 111011010110 011011010010 
100111101100 111101001100 010101001000 100010101100 001010111000 011100101101 110001100100 101000010011 
001010011111 011000011001 000101111000 010111110011 101100000000 001110110010 110101011110 111001111101 
101001101010 010010110010 000110110000 001101110011 010001111011 100100001011 011010111101 111110110110 
001110110100 001110000010 010011100010 101001101101 111100010111 000110010101 011001110011 010011110010 
010111100001 000100000111 000100001000 010101000000 100010001010 010110111001 111001010010 100010010000 
001110010001 101001100110 101000111011 000101100100 101111110010 110100000110 111000111010 111001001100 
110111111100 000101110100 101010010110 101011101010 100101110111 110100000010 001111101110 101110100001 
001101111010 001010111101 010011000110 010011010101 110010001100 110011001100 000000011011 110100001011 
010011100101 010010001111 000010100010 110000010011 001010001100 101110011111 111100010011 110111110110 
000001011001 011101011111 001110110101 011100110010 101110100100 000000110001 100011001100 001110111011 
000101010101 010101001001 011101010001 011001101000 111001011001 100000000001 000001100010 101100111000 
101101100110 110100001101 100101111101 001110010110 001110011010 000001101100 110100111110 010011100111 
000010010001 011011011000 010111010111 110110000111 000001111000 110101100000 000110100111 010001011001 
001110010000 100111110010 010010111111 100001100100 111001101100 001101010110 010000011100 110110110001 
001110001100 010111010101 101111000011 101000000010 101101111101 110101101101 110001110011 011001100000 
100011001100 000100110000 101010000110 010011111111 101010011001 111111001001 011101111101 110110000010 
100010111011 101101010000 111000101011 110100101100 101110001111 011010000011 001010010111 011011101010 
111011001010 011010010011 100000010111 000101110110 010001101011 101110011100 011001110100 001111010101 
010011001111 000011100100 010001001001 110100011010 101101110111 110011011000 000100001111 010011011101 
110010000001 111000111101 010101011101 000110000111 011101011101 101100101000 010011010010 001001111010 
101111011100 111101100000 111000110000 000101001011 010001101000 100110100001 010010111011 010100001001 
110101111111 111010101011 000011011111 001011011101 001110000010 001110111111 111000001000 111010100111 
011011010011 000011100010 010100101100 110001001001 000110100101 000100011111 011011101111 100101010101 
111111000010 000000010110 100101100110 011000000110 010110110101 111011001110 010000011110 101001001101 
000110011011 110000001010 111011101000 010100010101 101100001011 110010110110 111101111110 110100111100 
010001100000 011101001110 101001110111 101110101100 001011100010 110111010010 011100011000 011100010010 
000111111010 010101010101 111000111011 000111001100 011101000101 000010101100 011001111000 001100101010 
111110000001 000111101000 010111000010 101100010101 111000100001 011101100001 111000111101 001000110110 
010111111001 011101101110 001000100000 100110101110 100010001111 000110010101 000011001010 011011101001 
001110010001 001001000101 000000011101 110000000111 011011101001 000001100000 100001111000 001011001011 
000000001110 100011101010 010111001100 110100011110 101110001111 100111000100 110011010010 101110001010 
001000011011 100100000111 110001000101 110001011110 010110100100 111011100011 001110110111 000101011010 
010000100100 100111000100 011100101011 010100100111 100011001001 111100111010 110100001100 000111000101 
101110010010 000011111101 000101011001 000101001100 111011110011 100010001101 111111110111 111001010010 
100110101101 111100100001 111011111101 000010001011 010001111100 001011011101 010110000101 100011001111 
101101101000 111100100000 011011011011 010000111111 111100000001 110100101011 100011101010 001101111100 
111111011011 101100011001 111010011111 101010011101 001110100111 110110110110 011010011001 100001000100 
010011011010 000110110110 000001011010 001000010101 001101000011 100101110111 010110011010 100000111001 
110010010000 101011001010 011001011100 100100001111 000100000010 000111100000 001000011000 010101100111 
100011011110 010010101001 000000110011 001011000011 101101001011 000001101100 001011100100 011011010011 
111011100100 100101010011 100011100100 000111000010 010001010111 001010110111 110101011010 011010101101 
000000010000 011011001001 100100100100 101100110110 010000000011 011000101011 010000100001 110010010101 
101001011011 010100100101 010000101010 110000110011 101110001000 110011111010 010011011100 010010111110 
000011011000 000011011101 110001101111 001011010110 010001011000 111011011000 111011101011 111100111000 
110001010011 001001111000 011000000010 011000010101 001110010101 110000001010 001010110000 101000001011 
100111101010 101011110110 101001000010 000100010001 100100100011 010010111111 001100110100 011001011010 
111110100011 001000100111 010111001100 000001011001 110001100000 011100100001 100010010001 110100001111 
011100010101 110110101000 110011001011 100111100000 011000110010 101000011010 110100100110 010111101001 
111110111111 000110001001 000100001010 001011010011 100001110100 000000101111 100001111111 010011010010 
110101000101 010100100000 101111010000 000100000011 011010001001 100010111110 100011010110 100001010010 
001010010000 000101000111 100111000100 010001011000 000110010100 100100010111 100100010011 101000011100 
010000111010 100101101111 101110110000 101111000111 100110100000 010101001110 001011010010 001101011111 
001000010101 000000000001 110100001111 001001000010 100111010010 101001001011 100001001110 011011110010 
011100001010 100111101011 111100111111 001000101110 110001111111 001110110010 000010100111 111010100001 
110000100100 001110101111 010111101101 001101001010 111001001110 011010001011 101111110110 000001000100 
011011001100 110000100110 101111100000 011001100001 100100010000 110010100100 000100101011 101100100111 
000111011011 010001100000 111111000111 001000010110 010001010110 101110011110 000101010000 100110111110 
111111111111 010011111101 011001000110 111110111001 110001001110 001000011101 011000111000 111111100111 
011100011010 101100001111 100110111001 110010011100 111000100101 111010000110 110011010100 001011000001 
100101101101 111000111011 110010010011 110011000000 100110100011 000100110100 110001100010 101001101000 
100000000011 110001100101 000010001010 010110000000 100010101000 011000000110 101000001000 010011101100 
010001101000 011000111010 101000100001 111111010011 111001000111 101010110001 000011101010 000101100101 
101101010011 000000001111 011101010101 111110011000 001011000101 111001100001 100010001010 110010001010 
010001101100 110101011111 100101001011 111111101100 110110110000 001101110110 000000100010 010001111000 
010010101010 101011110000 100111101011 010010111010 000111100011 100001000000 010111100011 111111111101 
