001010011001 101000001100 001100110100 100110110110 100111010010 000111101110 110100011001 001000100010 
001110011101 000100001010 001101111000 101110100100 001101100100 011100001011 010101110000 100101010110 
110110101110 110110111001 001010011110 000101000101 010000111100 110110110011 101100110010 100101011000 
001111110111 101100110000 111000000101 000010001101 101110001100 000111110011 111110000010 101001011011 
010000011111 100110001111 110010001111 101110101110 000000111011 100101101011 111001001000 100110100000 
100110111110 010000101001 110010000101 000101011011 011011110011 111010110100 001011000101 001111000000 
111010110101 001000101001 100110110100 011001111001 101011101000 110000100000 010001011110 111110001111 
001111101011 111000100011 110000111011 100010010100 001001110000 111010101001 111100000001 000101110100 
100011101100 110011100101 001111111010 001011001011 100111110001 101000000100 100101101110 100000011111 
111010001111 001000101001 001100110101 000000111100 100110110000 000111001011 100111110110 101000010101 
100110000111 101000110100 101010011100 101100001011 110011101100 110011101000 101101011111 101111100100 
010111010111 001011100110 000010011101 101011011100 101101001001 100100110011 011000101010 001011110100 
000010100101 110011011100 101010010011 000110100110 011101010000 101010100100 101111111111 111000100110 
100100100110 001010011010 111000111101 011100111100 111000111100 000110011111 101001100101 110111101001 
101001111111 001111000000 010110000001 110101110000 001010100000 110010001111 000000111010 010011100111 
000101000011 110100110011 110010100011 111100000100 111010001101 110110010011 000010100111 001110000010 
111010010100 111010101000 100111101111 100001100001 110001111111 110011101100 001000100010 011011010101 
011010000001 111100011001 101110111010 001111010111 001111000101 001101111011 001110000111 100110100100 
001010010000 111100101110 101101001010 100110000111 010011000100 101010110110 101010001001 001001010011 
010111011101 000000000010 001011100100 101001100001 011011000111 000001100010 001010001001 100010010001 
010010001011 001110011011 100111011101 000000100011 110100001101 000001111000 111000101111 111001101111 
101011001101 101111110101 100001010001 011001010001 001000100010 011001110101 101010001001 011001000111 
010001010001 000011110011 111011010010 101111111110 001110101000 101110001011 100011111111 001111100101 
001001100111 001100010110 000111110100 111001111111 111000001111 010010100110 110011101100 010010100000 
010000111011 010100110110 111111010110 000111011010 011010111101 111011100010 100011101110 010101101111 
000111001001 110110000001 011101110100 101101111010 001000011101 000101100001 111000000001 101000110100 
100001100100 111010000111 101011011011 001101000000 110110111110 010100001011 001101100001 000011011010 
101010111110 011011010111 110000011101 011001010101 101101111000 110111001010 100101011011 000111101100 
101011001101 100010110011 001100110110 110101100011 001000111101 110111110011 000110111001 100001010110 
011000011101 010001101001 001110010000 010010011010 110111110001 000110010001 000011101100 000000110111 
110001000011 101111011011 111100000000 101110001000 010001111000 011101001001 100001110111 000001001110 
100101011010 010001101111 011101010101 100100001010 011010010000 100001001000 001010011001 010000100110 
000001000111 010110111001 010111101111 000110110100 101000100011 101101100000 101011010011 100010100110 
100110101000 000110001110 011010010001 110101111110 111001011101 011101000010 011010101000 001001111101 
011101010010 001111100011 110100111000 001001000100 101111001001 110010010101 001010001011 000000101110 
111001100001 000101010111 001110100010 000100001011 000010001110 000100001100 111111101111 100101001000 
001100100111 011101110001 110101111111 011100001110 110101011111 010110111110 111100001100 111001101000 
101101100000 100111110011 110011001010 001101000001 010000100010 001011000001 100000100111 010100010010 
011001001100 001111110011 100010101001 110111011101 001011101011 001101001111 101101111010 110000101100 
001001101111 111101100111 000110101011 101110101010 101010111111 010011011100 001111100011 011001111100 
100110101100 101011010011 100110001001 111110010111 101011111111 010111100011 100110001001 100010101111 
000010100011 001111111001 110011010110 101011000110 110101000001 101101000010 111111101000 011000001100 
000111000000 100110010011 111000001111 100011011001 111111000101 111010110001 011101110110 010010010100 
111110000111 010111011101 101000100010 111000001100 011001100000 011000111001 001100001111 000110010110 
110101010010 011010000010 100111101111 001101010011 001000000101 010011101010 111000101100 001110011111 
010011110010 110100000000 000010001111 011100101101 000010000100 110100011111 000110011010 110110010111 
001110111010 111001101010 111110100010 001011000101 011100010100 110100010101 010011111100 001101110101 
011011001010 100001111111 110110001000 001001000101 110001011101 101110010010 001100000110 000110101110 
000100101000 001000111101 100010111101 110101101000 111011111111 101110111100 001100010101 010101000101 
110001011101 001101010101 101000100011 010011111000 101000100110 000100011110 110110101101 010010000001 
111111001111 111110010111 010110011000 110101111001 111011110111 011011101111 100010101000 011100010101 
101011101111 001001010111 000100010111 001001110111 110110011001 000110011101 010010010011 100001001100 
100101001101 011100011100 001000011001 101110010110 111001000001 100111100100 110000101001 101111111111 
110100100100 101001011100 110101100101 100111100011 010110110100 100101110110 011001101010 111000101111 
100010111100 110101001111 001101101000 010001010001 000001110010 001010100011 010111011010 100011011001 
110010110101 100010110111 101100001000 001100101010 001100110000 010110011011 000100000111 100100011000 
011001001101 010001101000 110001101111 000001101101 011101000100 001100011000 010100000001 111010110111 
111101001011 000010110001 110000101100 001110011100 111111001111 001000000111 110011000101 101000100110 
111101011111 110110011110 010000110111 010000011000 001001011101 101000010010 100001010110 000010101101 
110010101010 011010010000 011100110100 110001110001 010001101010 010111100100 000101000011 010110110100 
011010100001 000010000011 001101001010 000011110001 100001100111 111011101100 001000000101 000000010100 
110111000101 011010000111 010011011100 010100101001 110111000110 000100110010 010110000110 011001111000 
001001011100 101100110100 001000100010 100100011110 111001001110 001001010110 011001111001 010010010010 
111110000011 001110111011 111001110111 011100010000 011101010000 010101100101 111000000111 111100001100 
101111010011 010000101001 010110101111 011000101010 000010100111 000101001000 101001001111 010111110010 
111011111011 101100110000 010111110010 001111010010 010110101110 110001101011 001001101111 001001001100 
100111100111 111001010000 110001000100 001100011100 110001100100 010111100100 010011010000 111000001100 
111110111000 001011000101 010011101111 000101110011 000011101001 110100001110 111100010011 001100010000 
010110110101 001100101100 100001001010 001001110110 111011001100 111011001001 100111010000 010010100001 
110100001001 101111010001 110101010000 110111010011 000001111001 000010110110 111000100011 111000101100 
111111111101 001000110001 011010111101 001100110010 111000110100 010011100101 101000010101 100011110000 
100101001110 101010001010 110100000111 110010101101 100000101110 000001011110 100101111010 101001000101 
000111001000 010101010010 011100011010 000011011001 011101110100 000010010100 111111111101 110100100000 
111010101010 111110011111 100100011010 010111000011 100100000000 111011000011 010011010000 111000011110 
000110000010 010010110000 010110111101 011001101111 101011110101 110000000010 010111101011 000100110010 
111111001111 000110000000 010010110011 000000111111 101100100010 111100001001 111010100010 011011111001 
000110011100 001011000111 001100101010 110101100000 000000000011 000010100001 101001101101 000010110110 
001011000101 111010011100 010011110110 001101010110 110110010101 111100001010 110111111101 010000000101 
001101100010 111010101011 001011000001 011010100111 010000101000 001011110000 100110110010 111000001011 
000100101001 111100011111 100011001000 101110001011 010011101110 100000111110 010101100011 100100110110 
001001011111 111111000001 101101100001 000011011100 100111100101 001001100111 000101001011 100011011110 
100011100000 101001011101 100001001110 111010111111 010011100110 000110010010 000000010000 010101100100 
100110000100 011000010011 100110101101 000000000011 101000111000 000010101100 100000010010 001111100010 
010100101000 011000110110 011101001100 111111010100 110000110101 100110010000 111111011111 000100010100 
001111010011 100101001001 001001000001 000000000011 101010100111 011010001100 000100100111 111011010100 
011010011010 001000101011 111100000001 010100000100 000001000001 000010010110 001010001011 110110110001 
101110110110 000011111001 010101110000 111001001110 100110111111 111011100001 110010100111 111000111001 
010011101011 111001000010 111000001100 110110010110 101000101101 110000001000 100101011000 111010101000 
101111111101 110010011101 111010010110 100111011001 111110101100 001011110011 101111000110 010000101011 
100100100110 111000011011 100000001101 101101101100 100000000101 101011101111 101000110101 110000101000 
101010110110 101000100110 000101001000 010111110111 011010001111 101101101110 111101111011 110111010100 
000000011110 110000011011 100100001111 111011000011 101010110010 100001101000 011011001100 111010101101 
011011100111 001111010001 100000011101 001010001010 001011110001 001000000000 000010010000 101101100001 
001111111001 101110001001 110111000000 010111001111 010101000110 111000111101 110011101110 000101101111 
011000011100 011000010111 000100101011 110100101000 010100111001 111011011011 011000000100 100010000100 
000001000001 001100011011 101011000111 110100110111 101011101001 110011111101 111001000011 000010000001 
100011000001 000010010001 110001000010 101110111110 101111000101 101001100100 011011010011 011010000001 
010010110001 001101001010 101010111010 110110010110 101011101101 100000000101 110011101000 001011011000 
000110110001 000001101011 111011001110 110001110101 111111000111 001111001110 001111010001 000011101110 
001110010111 001000000001 100111101001 111111010001 110101100010 100101101110 101001001011 101100010010 
